Вариант 9050
XString:   8[1], 16[1], 25[1], 30[1], 40[1], 48[1], 59[1], 64[1]
XFile:     13[1], 34[1], 55[1], 70[1]
XText:     18[1], 36[1], 42[1], 46[1], 49[1], 55[1]
OOP1Creat: 6[1], 4[1], 7[1], 9[1]
OOP2Struc: 3[1], 7[1], 9[1], 10[1]
OOP3Behav: 7[2], 4[1], 5[1], 8[2], 10[2], 15[2], 14[2], 17[2]
LinqBegin: 6[1], 14[1], 26[1], 29[1], 37[1], 38[1], 45[1], 50[1], 58[1]
LinqObj:   3[1], 22[1], 25[1], 47[1], 58[1], 68[2], 77[2], 84[3], 100[3]
LinqXml:   7[1], 18[1], 24[1], 38[1], 47[2], 58[2], 76[2], 86[2], 81[2], 
           74[2]
